#{
#    "eventNumber": {
#        "DIMENSION": [1],
#        "START_COLUMN": 0
#    },
#    "max(E_sw)": {
#        "DIMENSION": [1],
#        "START_COLUMN": 4
#    },
#    "min(<Bz>)": {
#        "DIMENSION": [1],
#        "START_COLUMN": 5
#    },
#    "min(AL)": {
#        "DIMENSION": [1],
#        "START_COLUMN": 2
#    },
#    "min(Sym-H)": {
#        "DIMENSION": [1],
#        "START_COLUMN": 1
#    },
#    "min(Vx)": {
#        "DIMENSION": [1],
#        "START_COLUMN": 3
#    },
#    "startTime": {
#        "DIMENSION": [1],
#        "START_COLUMN": 6
#    }
#}
000 -39.0 -818.0 -420.7 3347875.9999999995 -7.899333333333333 1996052703
001 -28.0 -468.0 -455.3 4068207.0 -6.406000000000001 1996070106
002 -25.0 -427.0 -397.4 1531604.0 -3.6394999999999995 1996080700
003 -41.0 -527.0 -438.1 2352580.0 -7.18195652173913 1996122305
004 -85.0 -1713.0 -596.5 7164675.0 -15.176500000000003 1997010916
005 -67.0 -1404.0 -636.9 4874462.0 -7.827166666666668 1997020914
006 -91.0 -911.0 -556.1 7861763.0 -8.256333333333332 1997041018
007 -100.0 -1088.0 -429.7 4575168.0 -9.782166666666665 1997042022
008 -129.0 -1706.0 -568.3 11271344.0 -24.12066666666667 1997051421
009 -85.0 -1417.0 -365.7 3594869.9999999995 -10.470499999999998 1997052604
010 -89.0 -750.0 -405.3 4106250.0 -9.875166666666667 1997060806
011 -34.0 -507.0 -396.2 2937800.0 -7.451333333333334 1997061819
012 -47.0 -942.0 -386.9 4234356.0 -10.727959183673471 1997071420
013 -48.0 -1348.0 -496.9 6454530.0 -12.859423076923077 1997080301
014 -27.0 -799.0 -407.9 2691923.0 -5.8758333333333335 1997081618
015 -99.0 -1200.0 -568.7 7115520.999999999 -15.330526315789474 1997090301
016 -37.0 -962.0 -495.6 3507730.0 -4.915666666666667 1997092109
017 -100.0 -2030.0 -505.4 4731440.0 -8.985272727272728 1997100104
018 -139.0 -1241.0 -470.9 5606172.0 -10.323333333333332 1997100923
019 -139.0 -1241.0 -457.6 5606172.0 -10.323333333333332 1997101010
020 -61.0 -1128.0 -597.5 3782472.0 -5.979322033898306 1997102612
021 -125.0 -1290.0 -483.5 6846333.0 -11.421666666666669 1997110616
022 -121.0 -1397.0 -602.8 17369093.0 -13.260666666666667 1997112207
023 -100.0 -1015.0 -608.7 4635900.0 -7.6855 1997112312
024 -61.0 -818.0 -419.8 5250365.0 -15.653999999999998 1997121006
025 -71.0 -1042.0 -415.0 4762499.0 -10.723333333333333 1997122922
026 -84.0 -1352.0 -515.0 5936656.0 -12.754444444444445 1998010613
027 -29.0 -789.0 -515.0 3938150.0000000005 -5.143508771929825 1998010819
028 -36.0 -730.0 -502.3 3475916.0 -5.154666666666667 1998012005
029 -36.0 -730.0 -473.2 2956080.0 -5.154666666666667 1998012018
030 -60.0 -729.0 -409.2 3149762.0 -7.357166666666666 1998012908
031 -36.0 -571.0 -407.4 3362840.0 -8.239655172413793 1998020316
032 -120.0 -1779.0 -426.9 7305236.0 -15.364333333333333 1998021622
033 -62.0 -908.0 -506.3 4891710.0 -6.285333333333333 1998021813
034 -28.0 -926.0 -396.2 3336577.9999999995 -6.898333333333334 1998030401
035 -69.0 -842.0 -549.8 4964400.0 -7.301166666666665 1998032501
036 -32.0 -502.0 -447.0 3070592.0000000005 -5.486499999999999 1998033023
037 -40.0 -662.0 -425.6 3601712.0 -7.686833333333334 1998041111
038 -272.0 -3007.0 -894.0 30412228.0 -30.38766666666667 1998050117
039 -272.0 -3007.0 -894.0 30412228.0 -30.38766666666667 1998050322
040 -10.0 -344.0 -446.5 2903508.0 -4.562666666666667 1998060122
041 -51.0 -728.0 -411.8 3681792.0000000005 -10.265084745762712 1998061316
042 -120.0 -1228.0 -541.9 6577470.0 -13.314285714285713 1998062404
043 -120.0 -1228.0 -504.6 6577470.0 -13.314285714285713 1998062516
044 -46.0 -1008.0 -662.6 5408280.0 -7.916499999999999 1998070518
045 -35.0 -529.0 -444.3 5004318.0 -8.345833333333333 1998071012
046 -47.0 -479.0 -458.2 5149872.0 -2.9221666666666666 1998073116
047 -169.0 -2522.0 -440.5 9951825.0 -19.814833333333333 1998080501
048 -67.0 -589.0 -550.0 3739968.0 -3.311186440677966 1998080711
049 -24.0 -728.0 -508.6 2161805.0 -3.9101666666666675 1998080923
050 -18.0 -657.0 -441.0 4044040.0 -5.165666666666666 1998081113
051 -69.0 -1223.0 -363.7 4196704.0 -10.180499999999999 1998081918
052 -174.0 -2296.0 -870.7 11024950.0 -14.51783333333333 1998082610
053 -55.0 -857.0 -538.8 4195084.0 -6.952166666666667 1998092216
054 -217.0 -2919.0 -863.9 16980705.0 -17.810499999999998 1998092418
055 -122.0 -1760.0 -538.4 8879627.0 -17.305762711864407 1998101816
056 -51.0 -977.0 -647.1 4296744.0 -4.679166666666666 1998102303
057 -180.0 -2399.0 -660.8 16503554.0 -19.85 1998110710
058 -136.0 -2352.0 -560.5 7814880.0 -15.526499999999999 1998110813
059 -124.0 -1762.0 -452.3 7899296.999999999 -17.567500000000003 1998111214
060 -18.0 -1296.0 -519.5 6646649.0 -10.445999999999998 1998113009
061 -46.0 -1104.0 -459.3 4443912.0 -8.7585 1998122906
062 -32.0 -554.0 -388.1 3153435.9999999995 -7.460666666666667 1999010316
063 -111.0 -1620.0 -483.1 7905556.000000001 -14.335806451612902 1999011303
064 -49.0 -1212.0 -685.5 4368100.0 -5.843666666666667 1999012221
065 -11.0 -663.0 -579.0 5622150.0 -4.829756097560976 1999021307
066 -32.0 -1122.0 -616.7 6175395.0 -8.654666666666666 1999021603
067 -128.0 -2123.0 -679.8 16426095.0 -21.90266666666667 1999021704
068 -128.0 -2123.0 -679.8 16426095.0 -21.90266666666667 1999021722
069 -80.0 -886.0 -475.4 4796211.0 -6.591666666666666 1999031005
070 -29.0 -488.0 -454.4 2171225.0 -5.219310344827585 1999031823
071 -123.0 -1340.0 -477.2 6278325.0 -13.912333333333338 1999041606
072 -41.0 -1003.0 -673.5 5066298.0 -4.375166666666667 1999042016
073 -37.0 -484.0 -696.2 8590752.0 -9.8395 1999051504
074 -18.0 -605.0 -484.8 4290234.0 -4.952 1999060211
075 -52.0 -963.0 -904.3 6629252.0 -7.075166666666666 1999062710
076 -45.0 -1070.0 -708.4 4145841.0 -4.9141666666666675 1999070217
077 -31.0 -276.0 -532.3 2695025.0 0.9786666666666667 1999070609
078 -33.0 -622.0 -532.3 2695025.0 -6.144499999999999 1999070619
079 -43.0 -662.0 -481.9 3024078.0 -5.948666666666666 1999072705
080 -70.0 -1163.0 -717.7 10370406.0 -8.214499999999997 1999073008
081 -50.0 -919.0 -717.7 4262109.0 -6.127796610169491 1999073107
082 -21.0 -470.0 -500.9 3149630.9999999995 -3.0661666666666663 1999080203
083 -61.0 -1074.0 -426.2 3334110.0000000005 -7.950000000000001 1999080808
084 -22.0 -471.0 -433.2 2866644.0 -4.8885 1999081115
085 -75.0 -1032.0 -654.8 5155884.0 -9.025166666666667 1999082011
086 -166.0 -1302.0 -621.0 13520117.0 -16.17866666666667 1999092100
087 -166.0 -1302.0 -621.0 13520117.0 -16.17866666666667 1999092207
088 -228.0 -1858.0 -708.3 16655920.0 -30.770833333333336 1999102020
089 -106.0 -1830.0 -716.0 5724167.0 -11.419666666666668 1999111122
090 -106.0 -1830.0 -503.1 5724167.0 -11.419666666666668 1999111308
091 -52.0 -1002.0 -518.8 5571510.0 -9.730500000000001 1999112112
092 -98.0 -1080.0 -715.4 5820022.000000001 -9.4785 1999121207
093 -74.0 -214.0 -496.6 1334070.0 0.9868333333333333 1999121316
094 -19.0 -429.0 -461.2 4165854.0 -3.7084999999999995 1999122623
095 -101.0 -1285.0 -430.1 6638904.0 -15.430499999999999 2000012205
096 -71.0 -1394.0 -610.3 9870829.0 -11.979999999999999 2000021104
097 -165.0 -2377.0 -620.0 12300561.0 -16.43 2000021200
098 -73.0 -1081.0 -717.2 5722674.0 -7.495666666666668 2000021400
099 -36.0 -836.0 -463.6 5890500.0 -7.308666666666666 2000022017
100 -45.0 -922.0 -567.5 3436127.9999999995 -5.663666666666666 2000022915
101 -19.0 -349.0 -395.6 2201682.0 -3.8741666666666665 2000031814
102 -73.0 -652.0 -661.8 3479424.0 -7.228999999999999 2000032907
103 -320.0 -1141.0 -636.7 18900648.0 -27.358833333333333 2000040618
104 -25.0 -639.0 -584.6 4894821.0 -4.803833333333333 2000041808
105 -78.0 -884.0 -577.6 6866832.0 -11.1385 2000042316
106 -53.0 -788.0 -869.8 7915818.0 -11.90263157894737 2000050208
107 -20.0 -529.0 -471.8 1768180.0 -2.6998214285714286 2000050612
108 -17.0 -702.0 -618.8 5213551.0 -4.645344827586207 2000051305
109 -71.0 -1086.0 -588.1 6192522.000000001 -10.282000000000002 2000051507
110 -100.0 -1086.0 -588.1 6192522.000000001 -10.282000000000002 2000051611
111 -173.0 -1967.0 -758.3 18972954.0 -21.95366666666667 2000052221
112 -173.0 -1967.0 -758.3 18972954.0 -21.95366666666667 2000052400
113 -35.0 -958.0 -557.2 5825691.999999999 -8.902413793103447 2000060410
114 -90.0 -1092.0 -816.1 18018630.0 -8.680666666666667 2000060800
115 -46.0 -975.0 -581.8 5122460.000000001 -7.977166666666666 2000061021
116 -38.0 -723.0 -602.8 3519360.0 -6.168166666666666 2000061300
117 -12.0 -665.0 -458.1 3586725.0000000005 -6.108833333333334 2000061721
118 -80.0 -1180.0 -623.9 7590323.000000001 -10.768333333333334 2000062312
119 -80.0 -1087.0 -596.8 7308174.0 -9.117500000000001 2000062522
120 -13.0 -435.0 -439.4 3023748.0 -5.857192982456141 2000063021
121 -33.0 -647.0 -544.5 6795360.0 -8.586833333333333 2000071014
122 -33.0 -752.0 -687.8 13996903.0 -8.586833333333333 2000071110
123 -44.0 -1501.0 -787.3 13996903.0 -6.767 2000071301
124 -347.0 -2903.0 -1136.5 63883904.0 -49.41199999999999 2000071405
125 -347.0 -2903.0 -1136.5 63883904.0 -49.41199999999999 2000071507
126 -97.0 -1016.0 -689.8 6810300.0 -7.942500000000001 2000071913
127 -70.0 -792.0 -436.1 4432481.0 -9.946499999999999 2000072303
128 -57.0 -743.0 -471.4 9412097.0 -10.961333333333334 2000072614
129 -87.0 -917.0 -487.2 9412097.0 -11.4175 2000072800
130 -233.0 -1696.0 -762.0 18241986.0 -28.814000000000004 2000081007
131 -235.0 -2505.0 -762.0 18241986.0 -28.814000000000004 2000081117
132 -58.0 -822.0 -509.3 4049100.0 -5.258500000000001 2000090210
133 -44.0 -685.0 -522.2 3266004.0 -5.902333333333333 2000090800
134 -203.0 -1916.0 -871.1 26777096.0 -23.34283333333333 2000091709
135 -187.0 -2777.0 -548.7 12806206.0 -20.253666666666668 2000100222
136 -187.0 -2777.0 -548.7 12806206.0 -20.253666666666668 2000100501
137 -101.0 -1153.0 -572.8 5920691.0 -11.537166666666668 2000101304
138 -121.0 -1038.0 -455.6 7389102.0 -16.925833333333333 2000102809
139 -176.0 -1891.0 -644.0 9750240.0 -13.034166666666666 2000110605
140 -46.0 -557.0 -654.5 5507397.0 -3.867666666666667 2000110801
141 -67.0 -994.0 -937.8 4288200.0 -2.836 2000111020
142 -116.0 -1418.0 -672.6 11135565.0 -13.556428571428572 2000112620
143 -128.0 -1603.0 -604.9 7397571.0 -9.09 2000112723
144 -70.0 -1271.0 -343.1 4859161.0 -13.94083333333333 2000122115
145 -70.0 -1271.0 -334.0 4859161.0 -13.94083333333333 2000122212
146 -78.0 -1075.0 -495.3 3025424.0 -6.748499999999999 2001012321
147 -80.0 -1213.0 -553.3 5508754.0 -12.520666666666667 2001030316
148 -165.0 -1893.0 -519.9 8283067.000000001 -18.744666666666664 2001031905
149 -92.0 -995.0 -660.2 10170306.0 -9.280000000000001 2001032708
150 -305.0 -1272.0 -783.9 32196980.000000004 -44.407000000000004 2001032805
151 -437.0 -2315.0 -845.1 32196980.000000004 -44.407000000000004 2001033017
152 -293.0 -2315.0 -845.1 20836090.000000004 -32.462666666666664 2001033116
153 -44.0 -848.0 -797.9 10516554.0 -5.6337254901960785 2001040406
154 -61.0 -1669.0 -799.2 11351475.0 -5.526379310344828 2001040802
155 -280.0 -2903.0 -843.2 26152420.000000004 -20.320666666666664 2001041110
156 -71.0 -2293.0 -843.2 8427888.0 -6.940666666666667 2001041221
157 -35.0 -681.0 -579.6 2043882.0000000002 -3.4778333333333338 2001041505
158 -122.0 -1684.0 -533.0 12708938.0 -19.49283333333334 2001041800
159 -104.0 -1274.0 -401.4 4986828.0 -12.776666666666667 2001042111
160 -41.0 -1087.0 -757.1 11977925.0 -7.8824999999999985 2001042802
161 -14.0 -368.0 -416.8 2793519.0 -5.059666666666668 2001050223
162 -36.0 -554.0 -498.1 4793763.0 -7.264666666666668 2001050707
163 -90.0 -1334.0 -592.9 6330324.0 -8.282333333333332 2001050900
164 -62.0 -981.0 -632.0 7157913.0 -7.058666666666667 2001051101
165 -48.0 -940.0 -624.3 5078775.0 -8.198703703703703 2001052715
166 -23.0 -429.0 -448.4 2528155.0 -3.432666666666667 2001060706
167 -33.0 -859.0 -521.6 3569760.0 -6.430714285714286 2001062615
168 -50.0 -682.0 -483.2 3438660.0 -6.982500000000001 2001070814
169 -41.0 -689.0 -448.6 3175284.0 -4.341666666666667 2001071305
170 -23.0 -429.0 -453.2 5980844.0 -4.718666666666666 2001080223
171 -21.0 -394.0 -511.2 2526336.0 -3.6124 2001081417
172 -131.0 -1343.0 -610.8 12260814.0 -17.833166666666667 2001081708
173 -46.0 -761.0 -521.2 4138820.0 -6.055833333333334 2001083005
174 -26.0 -611.0 -481.9 3629200.0 -4.268813559322035 2001090101
175 -73.0 -713.0 -586.0 4699678.0 -6.755254237288136 2001091306
176 -90.0 -1229.0 -621.1 5844180.0 -8.972 2001092312
177 -118.0 -1870.0 -646.3 12078901.999999998 -6.206999999999999 2001092418
178 -143.0 -1148.0 -745.5 8008105.0 -12.526000000000003 2001092823
179 -143.0 -2123.0 -683.5 8008105.0 -12.526000000000003 2001093020
180 -94.0 -2123.0 -683.5 6939768.0 -7.2266666666666675 2001100116
181 -188.0 -2123.0 -600.4 11725964.0 -21.232833333333335 2001100202
182 -94.0 -858.0 -517.6 3019025.0 -5.363833333333333 2001100402
183 -89.0 -1769.0 -604.7 10843419.0 -12.338000000000001 2001101116
184 -219.0 -2197.0 -705.0 17965476.0 -17.750166666666665 2001102108
185 -150.0 -1408.0 -531.7 9772062.0 -14.360677966101697 2001102615
186 -87.0 -751.0 -426.1 5491908.0 -13.107666666666665 2001102910
187 -102.0 -872.0 -406.4 5491908.0 -13.107666666666665 2001103108
188 -320.0 -2807.0 -438.1 8374752.000000001 -10.867 2001110507
189 -320.0 -2807.0 -748.1 5567996.0 -10.867 2001110600
190 -50.0 -802.0 -619.8 5755860.0 -5.476333333333334 2001111910
191 -234.0 -3118.0 -1062.5 37982126.0 -26.59576271186441 2001112402
192 -12.0 -393.0 -462.4 6218625.0 -6.977 2001122712
193 -56.0 -745.0 -702.5 10646640.0 -9.891333333333332 2001122912
194 -80.0 -927.0 -421.1 6102126.0 -14.4855 2002022805
195 -66.0 -1099.0 -598.5 6741000.0 -10.027666666666667 2002031817
196 -21.0 -368.0 -477.9 3022700.0 -2.908135593220339 2002032102
197 -114.0 -1384.0 -496.3 5745235.0 -10.202833333333333 2002032400
198 -44.0 -700.0 -534.1 4278738.0 -7.269166666666667 2002041113
199 -151.0 -2199.0 -694.6 16227440.0 -17.405833333333337 2002041704
200 -185.0 -2199.0 -666.2 11129125.0 -13.726499999999998 2002041912
201 -110.0 -1401.0 -547.6 8864106.0 -15.986949152542373 2002051103
202 -34.0 -598.0 -523.0 3956400.0 -4.206851851851851 2002051922
203 -116.0 -1504.0 -888.3 28395416.0 -16.576166666666662 2002052308
204 -34.0 -401.0 -827.6 4588056.0 -5.028333333333333 2002071800
205 -58.0 -873.0 -938.8 8113769.999999999 -6.312666666666667 2002071914
206 -44.0 -791.0 -535.6 7163766.0 -13.101833333333332 2002073110
207 -115.0 -1253.0 -535.6 8273960.0 -13.101833333333332 2002073121
208 -115.0 -1253.0 -535.0 8273960.0 -12.654166666666667 2002080118
209 -119.0 -1093.0 -570.9 6396995.0 -9.154406779661015 2002081900
210 -50.0 -590.0 -529.1 3153330.0 -6.4556666666666676 2002082909
211 -168.0 -2303.0 -578.3 14341883.0 -22.790166666666664 2002090700
212 -168.0 -2303.0 -578.3 14341883.0 -22.790166666666664 2002090716
213 -76.0 -1143.0 -545.5 4814910.0 -8.729666666666668 2002090810
214 -27.0 -996.0 -789.5 4191032.0 -3.4498333333333333 2002091908
215 -154.0 -1564.0 -447.6 9671040.0 -22.575333333333333 2002093008
216 -131.0 -1289.0 -540.3 5324592.0 -11.754500000000002 2002100213
217 -49.0 -606.0 -524.7 4451695.0 -9.176333333333334 2002111622
218 -79.0 -1177.0 -558.3 6855856.0 -9.059649122807016 2002121706
219 -90.0 -1334.0 -581.1 5298594.0 -8.205254237288134 2002122015
220 -37.0 -898.0 -722.6 3577461.0 -5.117500000000001 2003012613
221 -84.0 -1179.0 -815.2 6706953.000000001 -9.502833333333333 2003020107
222 -19.0 -876.0 -717.3 5912056.0 -1.7603333333333333 2003021716
223 -63.0 -1514.0 -851.9 7085100.0 -7.432666666666666 2003032000
224 -93.0 -1838.0 -940.9 6599260.000000001 -7.483166666666666 2003050819
225 -164.0 -2498.0 -829.8 28016391.999999996 -15.569333333333335 2003052901
226 -164.0 -2498.0 -837.4 28016391.999999996 -15.569333333333335 2003052914
227 -78.0 -953.0 -837.4 7634091.0 -6.391016949152543 2003053010
228 -91.0 -1796.0 -602.2 5706015.0 -9.665000000000001 2003061508
229 -163.0 -1591.0 -711.6 9568170.0 -16.759 2003061622
230 -21.0 -626.0 -533.1 3607860.0 -5.669666666666667 2003072302
231 -60.0 -921.0 -596.3 5960742.0 -10.624833333333333 2003080410
232 -65.0 -911.0 -650.3 10359240.0 -10.344499999999998 2003081514
233 -139.0 -1666.0 -545.3 10359240.0 -15.811166666666667 2003081713
234 -75.0 -1894.0 -771.9 7565850.0 -7.314833333333332 2003102114
235 -71.0 -1894.0 -624.9 7565850.0 -7.314833333333332 2003102409
236 -53.0 -1149.0 -624.9 7532625.0 -5.284666666666666 2003102502
237 -62.0 -938.0 -880.5 6954168.0 -7.801666666666667 2003102610
238 -58.0 -850.0 -880.5 6954168.0 -4.032500000000001 2003102714
239 -391.0 -3878.0 -1120.0 31674396.0 -26.41016666666666 2003102823
240 -432.0 -3257.0 -1028.7 3077460.0 -3.0158333333333336 2003103014
241 -490.0 -4141.0 -751.0 32475413.0 -51.26433333333333 2003111922
242 -36.0 -1238.0 -741.0 6799530.0 -8.193 2004010918
243 -137.0 -1666.0 -681.7 13132070.0 -15.705166666666669 2004012120
244 -85.0 -1666.0 -571.9 6078852.0 -9.419137931034482 2004012311
245 -32.0 -736.0 -551.9 3751704.0 -5.854166666666668 2004021706
246 -149.0 -2026.0 -561.0 6577104.0 -15.633389830508472 2004040302
247 -19.0 -301.0 -517.6 3138176.9999999995 -2.6814999999999998 2004042605
248 -54.0 -904.0 -474.3 3858449.9999999995 -7.754833333333333 2004043012
249 -51.0 -507.0 -451.2 2392000.0 -4.152333333333334 2004050103
250 -123.0 -1483.0 -719.7 10965780.0 -15.334666666666665 2004072206
251 -168.0 -2328.0 -707.0 11870763.0 -18.636833333333332 2004072402
252 -183.0 -3137.0 -1073.0 20049732.0 -20.221 2004072508
253 -208.0 -3483.0 -1073.0 20049732.0 -20.401666666666664 2004072614
254 -57.0 -536.0 -553.1 4126830.0 -2.969333333333333 2004073121
255 -128.0 -1564.0 -469.0 6223801.0 -14.330999999999998 2004082907
256 -59.0 -1049.0 -646.1 4909850.0 -6.554166666666666 2004091403
257 -38.0 -919.0 -506.1 3563112.0 -7.4558333333333335 2004091800
258 -394.0 -3014.0 -844.2 33847204.0 -44.72433333333333 2004110710
259 -282.0 -3677.0 -872.8 26350935.0 -25.63909090909091 2004110908
260 -97.0 -1231.0 -762.7 6342156.0 -4.02 2004111120
261 -58.0 -1474.0 -453.2 5346600.0 -9.741333333333333 2004121210
262 -46.0 -1235.0 -579.9 4270393.0 -7.833166666666667 2004122704
263 -112.0 -2529.0 -608.7 11038170.0 -18.951999999999995 2005010703
264 -58.0 -690.0 -523.3 2399364.0 -1.5543103448275863 2005010809
265 -64.0 -1923.0 -843.3 13531677.000000002 -8.3305 2005011602
266 -82.0 -2682.0 -1053.0 9918750.0 -5.681833333333333 2005011811
267 -101.0 -3268.0 -972.9 25226143.0 -9.09 2005012107
268 -36.0 -1408.0 -727.8 6708240.0 -3.0323333333333324 2005013102
269 -94.0 -786.0 -585.3 6398032.0 -7.312166666666667 2005021802
270 -45.0 -624.0 -519.6 2895624.0 -5.013666666666667 2005022000
271 -10.0 -326.0 -428.2 1512406.0 -2.5563333333333333 2005022202
272 -305.0 -1920.0 -984.3 42854634.0 -36.70266666666668 2005051418
273 -98.0 -1042.0 -489.9 5736507.0 -9.035833333333334 2005051915
274 -50.0 -815.0 -545.9 7837746.0 -9.444166666666666 2005052815
275 -127.0 -1912.0 -545.9 7878388.0 -16.2025 2005052913
276 -127.0 -1096.0 -500.4 7611551.0 -15.75933333333333 2005053016
277 -113.0 -1519.0 -534.3 8974666.0 -16.714999999999996 2005061203
278 -49.0 -821.0 -697.2 7749662.999999999 -6.885000000000001 2005061417
279 -49.0 -885.0 -697.2 7749662.999999999 -6.73 2005061605
280 -114.0 -1571.0 -550.2 10300680.0 -18.88333333333333 2005070922
281 -84.0 -1269.0 -513.3 5241948.0 -9.006833333333331 2005071702
282 -2.0 -633.0 -579.0 3656409.0 -5.596724137931035 2005080812
283 -31.0 -1322.0 -468.8 4152228.0 -8.678833333333333 2005080918
284 -179.0 -4046.0 -747.7 34464236.0 -31.236333333333334 2005082312
285 -179.0 -4046.0 -771.9 34464236.0 -31.236333333333334 2005082402
286 -63.0 -1215.0 -755.9 10291980.0 -5.252666666666666 2005090206
287 -137.0 -2223.0 -1061.0 10087834.0 -5.9565 2005091017
288 -91.0 -2236.0 -1013.6 9038300.0 -6.412666666666667 2005091208
289 -81.0 -2236.0 -798.6 6295698.0 -6.412666666666667 2005091304
290 -71.0 -1706.0 -902.9 10881300.0 -5.474166666666666 2005091418
291 -26.0 -404.0 -435.9 2042076.0 -4.3229999999999995 2005092006
292 -78.0 -907.0 -401.6 3333904.0 -8.973666666666666 2005103014
293 -28.0 -674.0 -604.4 2919312.0 -4.509491525423729 2005123016
294 -35.0 -882.0 -372.3 3236094.0 -8.781166666666667 2006020508
295 -111.0 -1598.0 -561.0 7773451.0 -13.872833333333334 2006041303
296 -111.0 -1598.0 -667.8 7773451.0 -13.872833333333334 2006041401
297 -27.0 -467.0 -537.4 3307124.0 -6.163103448275861 2006071009
298 -95.0 -1034.0 -480.9 5020864.0 -5.381754385964912 2006082001
299 -39.0 -969.0 -530.4 2971412.0 -7.126833333333334 2006083008
300 -57.0 -1006.0 -520.2 4392684.0 -8.319166666666666 2006092920
301 -28.0 -806.0 -420.9 1858710.0 -4.866976744186046 2006110105
302 -16.0 -189.0 -460.6 2272860.0 -3.88 2006111722
303 -71.0 -1704.0 -517.0 4169550.0 -9.844500000000004 2006112817
304 -211.0 -2349.0 -916.9 14647599.000000002 -14.690833333333334 2006121410
305 -132.0 -2237.0 -771.0 7211547.000000001 -7.760166666666667 2006121508
306 -46.0 -222.0 -669.2 1435200.0 -2.4459999999999997 2006121612
307 -22.0 -1391.0 -614.7 4627665.0 -7.667000000000001 2007011400
308 -67.0 -1553.0 -584.2 7575600.0 -11.488333333333332 2007111911
309 -29.0 -575.0 -537.5 2083643.9999999998 -5.1641666666666675 2008091616
310 -32.0 -1340.0 -510.1 3411400.0 -6.164363636363637 2008120400
311 -17.0 -487.0 -372.4 2914560.0 -5.287833333333333 2008121615
312 -22.0 -364.0 -476.3 3838105.0000000005 -7.110862068965518 2009011814
313 -38.0 -662.0 -401.0 3252933.0 -8.374745762711866 2009012522
314 -37.0 -1002.0 -400.1 3528468.0 -9.325438596491228 2009020312
315 -21.0 -366.0 -347.4 1924344.0 -5.137931034482759 2009060314
316 -39.0 -742.0 -473.6 4133292.0 -9.450169491525426 2009062704
317 -95.0 -1148.0 -484.1 6443254.999999999 -14.279833333333332 2009072013
318 -15.0 -108.0 -372.8 2079525.0 -3.3456896551724133 2009092918
319 -46.0 -647.0 -386.1 2653365.0 -4.9315517241379325 2009102817
320 -22.0 -325.0 -376.0 1969715.0 -5.743728813559321 2009111322
321 -19.0 -390.0 -300.5 1710764.0 -6.012711864406779 2009121208
322 -12.0 -301.0 -448.3 1239708.0 -1.5768571428571427 2009121901
323 -16.0 -376.0 -310.7 1993677.0 -5.552203389830509 2010010110
324 -26.0 -169.0 -421.2 2928725.0 -4.832166666666667 2010020706
325 -28.0 -394.0 -398.5 2927144.0 -5.6895 2010021020
326 -16.0 -344.0 -526.0 1911972.0000000002 -0.06233333333333337 2010021903
327 -14.0 -405.0 -435.7 1359170.0 -2.7895000000000008 2010022012
328 -22.0 -405.0 -394.3 2018812.0000000002 -4.650000000000001 2010022201
329 -90.0 -2152.0 -808.2 10795790.0 -7.312881355932204 2010040500
330 -35.0 -366.0 -498.2 1528843.0 -1.5241666666666664 2010040906
331 -81.0 -1285.0 -462.7 4374807.0 -10.023846153846156 2010041113
332 -13.0 -300.0 -400.9 1232604.0 -2.743389830508475 2010042918
333 -73.0 -1536.0 -399.7 5037799.0 -13.79050847457627 2010052807
334 -17.0 -277.0 -411.3 1520220.0 -2.9985714285714287 2010062018
335 -81.0 -1356.0 -621.4 6369820.0 -8.484666666666667 2010080322
336 -16.0 -263.0 -394.5 1653750.0000000002 -3.9444 2010103017
337 -47.0 -1554.0 -375.4 4465900.0 -10.919333333333334 2010122715
338 -15.0 -454.0 -403.0 1379056.0 -3.421551724137931 2011012322
339 -67.0 -1202.0 -676.3 8782048.0 -15.287796610169492 2011020401
340 -32.0 -662.0 -741.4 6117012.0 -5.7411111111111115 2011021807
341 -30.0 -604.0 -560.2 1617200.0 -3.412666666666666 2011030521
342 -12.0 -166.0 -401.9 3117419.9999999995 -5.677884615384615 2011032911
343 -94.0 -2539.0 -815.0 6794118.0 -10.77237288135593 2011052717
344 -60.0 -1083.0 -566.0 8639984.0 -5.291355932203391 2011060414
345 -14.0 -534.0 -556.9 3834630.0000000005 -5.525499999999999 2011061617
346 -36.0 -527.0 -413.2 2444031.0 -5.089482758620689 2011070605
347 -15.0 -335.0 -540.9 1552684.0 -2.278518518518519 2011071416
348 -118.0 -2084.0 -694.9 14159165.999999998 -19.516491228070176 2011080417
349 -75.0 -761.0 -617.2 5562270.999999999 -3.5308333333333337 2011080610
350 -65.0 -1009.0 -549.1 10701272.0 -15.370588235294116 2011090722
351 -77.0 -1337.0 -618.8 10701272.0 -15.370588235294116 2011090915
352 -57.0 -1225.0 -559.1 5524818.0 -7.866666666666666 2011091607
353 -63.0 -1225.0 -559.1 5524818.0 -7.866666666666666 2011091702
354 -43.0 -387.0 -500.4 1572153.0 -1.6144999999999998 2011091800
355 -21.0 -395.0 -429.9 1757547.0 -2.313269230769231 2011092203
356 -116.0 -2006.0 -737.5 21147412.0 -24.52593220338983 2011092608
357 -39.0 -1205.0 -492.2 6043464.0 -8.218793103448277 2011100422
358 -32.0 -532.0 -411.7 2125833.0 -4.438166666666667 2011100600
359 -32.0 -532.0 -411.7 1977360.0 -4.438166666666667 2011100614
360 -8.0 -183.0 -343.3 1761300.0 -3.3845 2011102209
361 -160.0 -1060.0 -562.5 12894111.999999998 -13.712372881355932 2011102410
362 -43.0 -570.0 -427.5 3583823.0 -6.072711864406779 2011103013
363 -63.0 -820.0 -459.5 3690189.9999999995 -6.197272727272726 2011110113
364 -18.0 -617.0 -399.3 2619666.0 -2.9703921568627454 2011110705
365 -18.0 -384.0 -427.6 2176836.0 -3.6536666666666666 2011111222
366 -28.0 -629.0 -538.7 6806440.0 -6.349500000000001 2011112812
367 -37.0 -747.0 -428.5 2990960.0 -6.2725423728813565 2011120206
368 -14.0 -268.0 -389.3 1444683.0 -2.7663333333333333 2011122414
369 -22.0 -1054.0 -438.0 3945236.0 -5.768135593220339 2011122910
370 -77.0 -922.0 -471.2 11241335.0 -12.4895 2012012018
371 -88.0 -922.0 -470.5 7582950.0 -12.4895 2012012211
372 -60.0 -1191.0 -419.9 3573075.0 -8.229666666666667 2012021409
373 -32.0 -206.0 -418.6 1773783.0 -2.1671666666666667 2012021602
374 -62.0 -1142.0 -520.1 5244418.0 -8.138297872340425 2012022707
375 -31.0 -671.0 -498.2 3112551.0 -4.8956140350877195 2012022817
376 -54.0 -702.0 -484.7 2702656.0 -6.795862068965517 2012030209
377 -33.0 -598.0 -405.1 3119444.0 -6.273220338983052 2012030520
378 -150.0 -2685.0 -791.8 12783006.000000002 -16.658166666666666 2012030815
379 -79.0 -1753.0 -817.4 10714176.0 -9.301694915254236 2012031505
380 -125.0 -1867.0 -566.8 6120960.0 -15.442166666666667 2012042305
381 -53.0 -1008.0 -820.8 6728418.0 -5.725423728813561 2012042512
382 -50.0 -757.0 -441.6 5101228.0 -6.644406779661018 2012051604
383 -9.0 -594.0 -640.1 2179224.0 -3.15 2012060722
384 -69.0 -1439.0 -536.9 7576715.000000001 -16.297 2012061611
385 -18.0 -937.0 -574.1 4879360.0 -8.025833333333333 2012070412
386 -79.0 -1176.0 -493.6 4591339.0 -11.202166666666665 2012070812
387 -123.0 -1430.0 -693.8 12092111.0 -18.672833333333326 2012071418
388 -30.0 -683.0 -539.7 3230400.0 -4.499333333333332 2012072123
389 -78.0 -786.0 -460.0 9569910.0 -12.864250000000002 2012083119
390 -83.0 -1000.0 -562.8 5302990.0 -6.286034482758621 2012090323
391 -83.0 -1000.0 -562.8 5302990.0 -6.286034482758621 2012090418
392 -51.0 -730.0 -532.7 2915436.0 -5.115526315789474 2012090514
393 -138.0 -1073.0 -419.3 8206520.0 -18.32152542372882 2012093002
394 -138.0 -1073.0 -419.3 8206520.0 -18.32152542372882 2012093012
395 -41.0 -407.0 -351.2 1759348.0000000002 -4.8212280701754375 2012100210
396 -116.0 -1454.0 -555.3 6501728.0 -15.221499999999997 2012100806
397 -106.0 -1661.0 -596.9 5873072.0 -11.830999999999998 2012101210
398 -68.0 -1619.0 -375.8 4418784.0 -11.7165 2012103112
399 -6.0 -101.0 -418.8 1302480.0 -1.2899999999999998 2012110815
400 -118.0 -1434.0 -471.0 7643812.0 -17.360833333333336 2012111220
401 -45.0 -741.0 -483.5 3764880.0000000005 -7.3228813559322035 2012112400
402 -14.0 -296.0 -564.3 3397858.0 -2.491754385964912 2012112600
403 -7.0 -383.0 -406.5 1405610.0 -2.5900000000000003 2012112806
404 -8.0 -385.0 -354.9 3091053.0 -3.9982857142857133 2012121319
405 -58.0 -699.0 -464.9 5562854.0 -12.266 2013011704
406 -38.0 -459.0 -464.9 3036132.0 -5.3468333333333335 2013011812
407 -46.0 -947.0 -420.0 3622558.0 -8.82875 2013021320
408 -45.0 -769.0 -391.1 2551836.0 -6.539038461538462 2013021622
409 -132.0 -2403.0 -737.6 12800325.999999998 -11.817666666666668 2013031703
410 -68.0 -939.0 -679.2 4045840.0 -7.3095 2013032006
411 -13.0 -214.0 -539.1 3788100.0 -2.945666666666667 2013041405
412 -67.0 -1537.0 -472.4 4958460.0 -9.910350877192982 2013043000
413 -67.0 -1537.0 -504.6 4958460.0 -9.910350877192982 2013043023
414 -57.0 -1260.0 -790.1 5707827.0 -5.638833333333333 2013052511
415 -88.0 -1365.0 -517.2 5386920.0 -11.551851851851852 2013060602
416 -27.0 -478.0 -449.2 3137769.0 -3.125423728813559 2013060722
417 -111.0 -2143.0 -472.4 5451064.0 -11.794666666666668 2013062714
418 -80.0 -1466.0 -390.2 4514712.0 -12.479499999999998 2013070413
419 -77.0 -1219.0 -533.7 3956978.0 -10.139833333333334 2013071217
420 -38.0 -719.0 -562.0 3998838.0 -8.192833333333333 2013082020
421 -35.0 -626.0 -545.9 2094690.0 -3.6206666666666663 2013082308
422 -31.0 -626.0 -477.1 1592010.0 -3.6206666666666663 2013082415
423 -63.0 -961.0 -606.6 4681044.0 -3.2577586206896556 2013100211
424 -77.0 -1097.0 -675.8 8601110.0 -7.067758620689654 2013100821
425 -79.0 -1086.0 -626.8 5969329.0 -11.781 2013110810
426 -68.0 -833.0 -581.2 4568070.0 -6.39948275862069 2013111105
427 -26.0 -461.0 -572.0 4415150.0 -5.4630357142857155 2013113023
428 -31.0 -287.0 -557.0 1931590.0000000002 -3.377796610169491 2013121504
429 -45.0 -477.0 -328.4 2735370.0 -8.670508474576271 2013122417
430 -30.0 -562.0 -462.3 4344748.0 -5.980847457627119 2014020515
431 -40.0 -994.0 -498.7 4344748.0 -5.980847457627119 2014020713
432 -25.0 -615.0 -574.7 2080410.0000000002 -2.980333333333333 2014021100
433 -32.0 -1021.0 -443.0 5378919.0 -8.519795918367347 2014021517
434 -31.0 -1021.0 -415.9 4277216.0 -8.519795918367347 2014021615
435 -127.0 -1713.0 -535.1 7384952.0 -13.98316666666667 2014021803
436 -127.0 -1713.0 -739.6 8064474.0 -13.98316666666667 2014021900
437 -71.0 -862.0 -576.9 2672262.0 -4.301228070175438 2014022014
438 -22.0 -966.0 -517.0 3782232.0 -6.693620689655173 2014040510
439 -92.0 -976.0 -412.3 3175321.9999999995 -8.813584905660377 2014041018
440 -33.0 -625.0 -704.6 4323956.0 -3.5995 2014041807
441 -26.0 -643.0 -704.6 5192775.0 -3.5995 2014041913
442 -36.0 -579.0 -693.6 3945006.0000000005 -2.9096666666666664 2014042019
443 -76.0 -795.0 -355.9 3077535.0 -9.359666666666667 2014042908
444 -53.0 -457.0 -611.8 6901404.0 -2.9485 2014060808
445 -39.0 -851.0 -447.4 5664428.0 -7.658333333333334 2014081904
446 -97.0 -1147.0 -726.7 11481392.0 -8.290166666666668 2014091210
447 -27.0 -586.0 -411.1 3327319.9999999995 -6.8568333333333324 2014091614
448 -47.0 -682.0 -521.2 2266184.0 0.7985454545454547 2014111019
449 -65.0 -851.0 -490.0 6827782.0 -14.996666666666666 2014122116
450 -56.0 -715.0 -485.8 4504768.0 -7.468833333333334 2015010203
451 -79.0 -1017.0 -494.5 4504768.0 -8.955272727272728 2015010302
452 -135.0 -1904.0 -520.1 9871455.0 -17.698500000000003 2015010619
453 -101.0 -965.0 -625.9 11121880.0 -13.452745098039218 2015031602
454 -234.0 -2300.0 -633.6 15017561.999999998 -18.554310344827588 2015031701
455 -69.0 -1383.0 -712.7 4341395.0 -4.47 2015032114
456 -45.0 -521.0 -432.6 3223920.0 -6.934500000000001 2015032723
457 -45.0 -521.0 -390.1 2909269.0 -3.999 2015032907
458 -9.0 -239.0 -473.2 3781732.0 -0.7706666666666666 2015033106
459 -71.0 -991.0 -456.4 6777300.0 -11.601016949152541 2015040823
460 -89.0 -991.0 -456.4 6777300.0 -11.601016949152541 2015041001
461 -31.0 -969.0 -484.4 5834448.0 -10.043559322033897 2015050600
462 -19.0 -406.0 -429.9 1815198.0 -2.2947457627118646 2015050709
463 -57.0 -840.0 -409.3 3515016.0 -9.205344827586208 2015051000
464 -64.0 -823.0 -551.0 7255606.0 -10.796140350877193 2015051808
465 -208.0 -1535.0 -787.0 26545379.999999996 -23.475166666666667 2015062214
466 -90.0 -1005.0 -688.0 7562850.0 -6.686333333333335 2015062422
467 -72.0 -638.0 -822.4 2128843.0 -2.6203333333333334 2015062600
468 -71.0 -1044.0 -675.3 5451190.000000001 -6.344000000000002 2015071218
469 -31.0 -993.0 -575.6 5173875.0 -6.4735000000000005 2015080704
470 -94.0 -1358.0 -561.5 9947508.0 -17.2095 2015081509
471 -101.0 -1456.0 -427.4 6031740.0 -14.996666666666666 2015082520
472 -113.0 -2512.0 -645.1 7602287.999999999 -11.054166666666667 2015090712
473 -37.0 -830.0 -514.3 2438530.0 -4.354 2015091219
474 -47.0 -746.0 -658.4 3741207.0000000005 -2.432413793103448 2015092020
475 -5.0 -370.0 -500.3 2552485.0 -2.5616666666666665 2015102502
476 -67.0 -2341.0 -740.2 5847520.000000001 -4.952881355932204 2015110403
477 -106.0 -1522.0 -693.9 10672380.0 -10.666610169491527 2015110618
478 -170.0 -1983.0 -504.6 8146948.0 -18.729499999999998 2015121915
479 -117.0 -1828.0 -506.9 7345858.0 -15.825166666666664 2015123105
480 -95.0 -1623.0 -547.6 8066843.999999999 -13.372758620689654 2016011822
481 -20.0 -850.0 -509.3 3445308.0 -5.243666666666667 2016012406
482 -110.0 -1047.0 -570.2 8461051.0 -11.642000000000001 2016030507
483 -43.0 -1133.0 -467.4 2938512.0 -5.818166666666667 2016032002
484 -68.0 -994.0 -516.8 4149180.0 -8.086833333333333 2016041321
485 -64.0 -800.0 -440.8 3631155.0 -8.527894736842105 2016041615
486 -33.0 -501.0 -601.9 9220500.0 -5.001833333333333 2016071919
487 -51.0 -1062.0 -469.3 4292322.0 -7.974324324324325 2016072409
488 -51.0 -1050.0 -447.0 2524872.0 -5.422666666666667 2016072510
489 -63.0 -1053.0 -573.3 9202536.0 -15.024745762711866 2016080202
490 -114.0 -1956.0 -561.2 8758905.0 -20.49416666666667 2016101218
491 -29.0 -469.0 -408.6 1594560.0 -2.5855932203389833 2016110406
492 -55.0 -1104.0 -482.6 4524652.0 -10.429322033898304 2016110912
493 -50.0 -743.0 -450.2 4859437.0 -10.599833333333338 2017040316
494 -36.0 -1028.0 -648.4 2954750.0 -4.19 2017040812
495 -24.0 -595.0 -448.1 2486437.0 -5.27551724137931 2017041312
496 -142.0 -1657.0 -423.5 7846698.000000001 -19.402999999999995 2017052710
497 -67.0 -1180.0 -667.9 9042384.0 -11.463559322033896 2017071603
498 -52.0 -1317.0 -635.5 3172296.0 -6.1801666666666675 2017082116
499 -146.0 -2618.0 -846.3 21250889.0 -23.58216666666667 2017090708
500 -146.0 -2618.0 -846.3 21250889.0 -23.58216666666667 2017090723
501 -31.0 -748.0 -621.4 3584370.0 -4.754333333333332 2017122412
502 -49.0 nan -464.1 5201875.0 -9.437288135593219 2018030910
503 -23.0 nan -470.0 2760966.0 -3.3381355932203385 2018051218
504 -25.0 nan -451.5 3481920.0 -6.652881355932203 2018060523
505 -48.0 nan -601.5 4482324.0 -8.061833333333334 2018062420
506 -8.0 nan -467.2 1784090.0 -1.7086666666666668 2018063008
507 -6.0 nan -394.4 2370445.0 -3.8898333333333333 2018071000
508 -206.0 nan -546.6 7556400.0 -16.963 2018082500
509 -33.0 nan -581.1 3368400.0 -3.2611666666666665 2018092216
510 -11.0 nan -385.8 2453490.0 -4.383103448275862 2019050710
511 -57.0 nan -398.2 3926274.0 -9.906833333333333 2019051018
512 -80.0 nan -579.3 7897975.0 -12.577333333333335 2019051318
513 -20.0 nan -509.3 3353330.0 -3.8196666666666674 2019051611
514 -21.0 nan -381.1 3314960.0000000005 -6.995344827586207 2019052616
